,Unique ID,Month,Day,Hour_Interval,Born in New York State,Car-free commute (% of commuters),Disabled population,FHAVA-backed home purchase loans (% of home purchase loans),Foreign-born population,Higher-cost home purchase loans (% of home purchase loans),Higher-cost refinance loans (% of refinance loans),"Home purchase loan rate (per 1,000 properties)",Home purchase loans in LMI tracts (% of home purchase loans),Home purchase loans to LMI borrowers (% of home purchase loans),Homeownership rate,Households with children under 18 years old,"Housing choice vouchers (% of occupied, privately owned rental units)",Housing units,Income diversity ratio,"Index of housing price appreciation, 5+ family building","Index of housing price appreciation, all property types","Index of housing price appreciation, condominium",Labor force participation rate,Mean travel time to work (minutes),Median household income (2018$),"Median household income, homeowners (2018$)","Median household income, renters (2018$)","Median rent, 2- and 3-bedrooms (2018$)","Median rent, all (2018$)","Median rent, asking","Median rent, recent movers (2018$)","Median rent, studios and 1-bedrooms (2018$)","Median sales price per unit, 1 family building (2018$)","Median sales price per unit, 2-4 family building (2018$)","Median sales price per unit, 5+ family building (2018$)","Median sales price per unit, condominium (2018$)",Moderately rent-burdened households,"Moderately rent-burdened households, low income","Moderately rent-burdened households, moderate income","Notices of foreclosure rate (per 1,000 1-4 family and condo properties)","Notices of foreclosure, all residential properties","Notices of foreclosure, initial, 1-4 family and condo properties","Notices of foreclosure, repeat, 1-4 family and condo properties",Percent Asian,Percent Hispanic,Percent black,Percent white,Population,Population aged 25+ without a high school diploma,Population aged 65+,"Population density (1,000 persons per square mile)",Poverty rate,"Poverty rate, population aged 65+","Poverty rate, population under 18 years old","Pre-foreclosure notice rate (per 1,000 1-4 family and condo properties)","Pre-foreclosure notices, 1-4 family and condo properties",Private eviction filings,Private eviction filings per 1000 private rental units,"Properties entering REO, 1-4 family",Public housing (% of rental units),Racial diversity index,"Refinance loan rate (per 1,000 properties)",Rental vacancy rate,Residential units within 12 mile of a subway station,Residential units within 14 mile of a park,"Sales volume, 1 family building","Sales volume, 2-4 family building","Sales volume, 5+ family building","Sales volume, all property types","Sales volume, condominium","Serious crime rate (per 1,000 residents)","Serious crime rate, property (per 1,000 residents)","Serious crime rate, violent (per 1,000 residents)","Serious housing code violations (per 1,000 privately owned rental units)",Severe crowding rate (% of renter households),Severely rent-burdened households,"Severely rent-burdened households, low income","Severely rent-burdened households, moderate income",Single-person households,"Students performing at grade level in English language arts, 4th grade","Students performing at grade level in math, 4th grade","Total housing code violations (per 1,000 privately owned rental units)",Unemployment rate,Units authorized by new residential building permits,Units issued new certificates of occupancy,Entries,Exits
Unique ID,1.0,0.001225239815693078,0.00012515974993523616,0.013051810699684181,-0.09355030053404759,-0.739269039895583,0.0014190979335981229,0.6972134892795389,0.5165140930727259,0.7273275131073115,0.4400246012396281,0.5874944543676855,0.6374750513868411,0.11212354691631166,0.5765401050123634,0.7526225292323843,-0.1219561588481625,-0.5773821687527757,-0.7035948930836117,-0.5828425755667653,-0.5764923892966228,-0.018781335090312545,0.21020596404056224,0.7309189641091113,-0.06878069873614713,-0.3853929846729994,-0.13114270198289743,0.32069508573116434,0.11176366131588522,-0.7120917603855972,-0.6234201076962602,-0.28488904763758144,-0.385150257822631,-0.3364002123110656,-0.6491034190665421,-0.6675448085669206,0.1440572738186289,0.43295008227822296,-0.6910509412662333,0.6955661530025509,0.7069311027321645,0.7201905400075208,0.724522892734123,0.16130837757377844,0.3314644865332888,-0.03046816777622276,-0.42293621958405436,-0.3145651085127665,0.1236381405668594,-0.5858333281259831,-0.793633953744844,-0.3691137620824794,-0.4039564017539719,-0.30711796260939017,0.750460548004192,0.7441640701829656,-0.3347784511958994,0.21677933574616914,0.6105221902045714,-0.4731518527446506,0.3803036118287085,0.5521571663385494,-0.5112095464525179,-0.5662037805024577,-0.7140928386644465,0.7146559004368982,0.699910793133415,-0.7240970610211889,0.07429278671147628,-0.4619603375130552,-0.3428487848827251,-0.542829927396325,-0.08745494334902404,-0.23368877541422642,0.24161794737773945,0.6994724116493249,0.5529913854498907,-0.5980751434483736,-0.7461733325771989,-0.3791483315538577,-0.40193158947657653,-0.2652471351204653,-0.17294059035774173,-0.5875990372451879,-0.7536434624203148,-0.2770323286699211,-0.3666927220961586
Month,0.001225239815693078,1.0,0.009409234993385696,0.00033709773695897064,-0.00064069829228807,-0.0010866543386915434,-0.0012465587031252883,0.0015313718259944004,0.0009471441440457571,0.0004311867520273292,0.0009935755259563059,0.0011018640455145153,0.0007089782854593414,-0.0013866510664025794,0.00038457598986116657,-0.00031908555557142116,8.576214334740644e-05,-0.0011475315633126513,-0.0003552479553316035,0.002283025115862107,-0.0008795260943414503,-0.00037568312747161635,-7.84440259973739e-05,0.0009480677914030485,-0.00048173359306191694,-0.0011175673440998895,-0.0004499668428249741,-0.000288715084291466,-0.00047212050533036623,-0.0006614722921630127,-0.00019008322285610585,-0.0004107041523730886,-0.0013994424998901847,-0.0015061984923500009,-0.000556646732440931,-0.0006375680059543388,0.0008110758707219668,0.0017423201987071867,-0.0007964692955448976,0.0010004998118406854,0.001388054742020893,0.0013875691026751051,0.0011101094787159683,0.0024578769019281124,-0.0006162209274069523,-0.0009108112067590196,-0.0005959323003361941,-0.0010288251246348197,0.00044098387071789215,-0.00034612536552150464,-0.00042475659257193443,-8.285293114135738e-05,0.00024760817384779853,-0.0001805047074487407,0.0007373739244866751,0.0010310085312894234,-0.001223063668626379,-0.00033789789286162647,0.0021845910967628083,-0.0005186822969073321,0.0024857306969423574,0.0020223228032988498,0.0005462937626195015,0.0011820887057442091,-0.001303947485156479,0.0013823366346105584,0.0010567991112636831,-0.0012717019693590638,-0.0003491528187986951,-0.0012066045539990563,-0.0016024696736904281,-0.0015831080399899787,-0.0012513721545072368,-0.0004893793263457438,-0.0018295904892179956,0.00015861278721411364,0.00041272242416194946,-0.001176928416548788,-0.0008720364931088811,0.00017458553745109583,0.0004913596815664206,-0.0007554787021644573,0.0007272089261632541,-0.0012683578120090669,-0.00032333743658386843,0.01546264125527539,0.012825724669045522
Day,0.00012515974993523616,0.009409234993385696,1.0,0.0004571013155405269,0.0005685989676484851,-0.00021045467455225837,0.00043185863007675864,0.000273745832930933,-0.0002081740630870567,-0.00012073776689514043,-0.00021435426519019228,-0.00018104115370619003,-0.00017853066090946232,3.791231114159243e-05,-0.00011128461708264411,-0.00011312313882260653,0.0005409764520464799,-0.0003476321571910055,1.1872212147873591e-05,0.00023606986395577126,0.00014299823500471038,0.00034144716406799534,-0.00044108788702692766,0.00010597148238063909,-0.00025707791809170187,-0.0002410566975931942,-0.0002960826004096738,-0.00045711313042199963,-0.0004137435262669438,-9.496397121237903e-05,-0.00019648925728656466,-0.00040209559954843075,-0.00020886914452482563,-0.0002301879066397012,-0.0003327569519703706,-0.00021654317794665806,2.4012571247483493e-05,0.00016250893507660492,-0.00021158079380638985,-7.20585686991431e-05,5.52519758881364e-05,0.00010721661973332042,1.0537753750688871e-05,6.653448629503481e-05,-8.716504117925014e-05,0.0005157120561195564,-0.0002223748471920369,-0.0005717154711769765,0.0002450914094971904,-0.00022801202113658804,-0.00014778150261586534,0.0003439015729859379,0.00038268943022895887,0.0003058658337628585,2.6329815583950884e-05,7.723113753378966e-05,0.00017203692270653976,0.0003777216097088808,0.00034904152887054384,0.0003590599633061997,0.000550660840781088,0.0001500960774490846,-1.7149864275145847e-05,0.00012616431136470125,-3.238332892098359e-05,0.00023625687396540754,-6.272842136692848e-05,-0.0002001781138981303,-0.00023031607180643758,-0.0002607229837655523,0.0001945674862084677,1.5817706681659813e-05,0.00030772898231748723,0.00044429673348108474,-0.000520296953198048,-0.00012116577329541003,-0.00032657781979093684,-9.206744276670358e-05,-1.845124083030018e-06,-0.00010935679854637514,-0.00011427009764007939,0.00037035668645699543,0.0006018575072005214,6.571493323804996e-05,1.6499136765950513e-05,-0.007871597368219107,-0.005590630405280287
Hour_Interval,0.013051810699684181,0.00033709773695897064,0.0004571013155405269,1.0,-0.02900184438665978,-0.007934376260645273,-0.01327580083227737,0.005555332992517901,0.028702571342768973,0.023426804930854632,0.02304532122590953,0.019869111850257325,0.02740369303393306,0.010674896271786178,0.010252001126648503,0.025380059559194635,-0.017254058471491102,-0.010625972287573962,-0.024384076317345807,-0.016013657490878772,-0.014719982000061553,-0.0032596144965642664,0.01722570192655114,0.019515660017295294,-0.004845496546913635,-0.012479564999069707,-0.004056478475475883,0.017230162507296237,0.006838913729263125,-0.02105096760574699,-0.016774713218551885,-0.002932381976212294,-0.013319523266294127,-0.01141022529761231,-0.011274359011384199,-0.0165521989909232,0.017935279287795362,0.017925812416264165,-0.0169379017693891,0.023738330784712075,0.016552165148561813,0.013993485308486127,0.018354221625969502,0.006925313164605457,0.022927312358334385,-0.017806168830371134,-0.014224941153167931,0.004249445286022923,0.0054875919064139005,-0.015356618959537917,-0.015553415551770365,-0.013511824005842029,-0.016272177163890695,-0.00965969884328733,0.021577586208360307,0.014770860501088192,-0.009799653902405739,0.00010887090734365291,0.0020040056177146335,-0.021429285068459362,-0.005529072589666061,0.0056281779625124775,-0.017669164931602883,-0.014653820001296045,-0.018466121479091917,0.007258265774070556,0.023000257120599187,-0.016212486373553082,-0.0030524782699332515,-0.013376895199466039,-0.013769774200016033,-0.01713775995909053,-0.0076313982970501095,-0.01650676951709765,0.029808781600193984,0.025328911429178563,0.023002390851929053,-0.020382114510639992,-0.018388953153145857,-0.017097734168009207,-0.016268698484588017,-0.014675044568341025,-0.019469501801659336,-0.022749128634327476,-0.02057359143276082,0.2080237093148309,0.35550743607176843
Born in New York State,-0.09355030053404759,-0.00064069829228807,0.0005685989676484851,-0.02900184438665978,1.0,0.16711967527940644,0.7608703951735281,-0.1445632687297251,-0.7656906305850415,-0.5538293651859462,-0.7684771552255569,-0.621453883968925,-0.6892811108953217,0.06341689789010635,-0.3223706310862654,-0.42843437312582994,0.7500718980479363,0.08738485321587439,0.44002796928422866,0.058456265295648235,0.47586879556114664,0.4410375019780333,-0.4914723726707202,-0.318903017824851,-0.007394893419393066,0.22106004765890735,-0.04440202322767912,-0.5580806072496266,-0.3432811601095143,0.34397240508198157,0.11582728838219115,-0.18399877721468785,0.31415001700372663,0.2915541489977835,-0.015275169249886459,0.18638114887147525,-0.3718451746392354,-0.3598859763889209,0.1957804493587539,-0.578899519074355,-0.44121158304757724,-0.3590711297444017,-0.4650194225924685,-0.5342032790584654,-0.2845353890554138,0.8275708498916868,0.14731548168313452,-0.3382191398414452,-0.03438883828371695,0.06210588793632287,0.1558142492955944,0.47684602926550473,0.4868053701306995,0.39309363729730784,-0.4367645378957928,-0.3584509045809466,0.5663700749111292,0.4208380332049276,-0.09721297552994115,0.6909287726237829,0.07291518905381171,-0.2753802354176952,0.2823922465903786,0.29681470258602244,0.4686084847132159,-0.17954714830829072,-0.5600409160185931,0.2913542644771146,-0.06768418312291917,0.21218325241019081,0.5393855465029642,0.41113581229911017,0.5287184037648442,0.7059424084934185,-0.6329985457610514,-0.5588043786248111,-0.6864239103687672,0.4545520281405861,0.4370923694352794,0.13213154052516554,0.07593655698640515,0.6792963037433498,0.7074137662729906,0.6497205832684674,0.32687544570297755,-0.11482787724514201,-0.06073257570176003
Car-free commute (% of commuters),-0.739269039895583,-0.0010866543386915434,-0.00021045467455225837,-0.007934376260645273,0.16711967527940644,1.0,0.27463328827225997,-0.9907367195999877,-0.5955358979554962,-0.8678843019215925,-0.6366497594929398,-0.831399886767066,-0.7423707083256701,0.20709026536627978,-0.8275053116470995,-0.7416251392892789,0.31658319652275835,0.6210888764253337,0.7122309137498404,0.434009514449528,0.8367622567330412,0.30528974242654194,-0.251693827513961,-0.7982803419141211,-0.04798020772285693,0.3972998114814236,0.03246802820743361,-0.45646177371008095,-0.2613920812562769,0.7409121712040505,0.536199693046268,0.17482862055734352,0.4528588867994031,0.4163676144658482,0.6206654632101862,0.6675551922654167,-0.023137129703566045,-0.4493422805793172,0.7037245070778799,-0.8419223449087296,-0.9468294182375079,-0.9693553828934408,-0.9390650138771384,-0.4971198833283241,-0.07533829979723922,0.24919318146601846,0.34086991947668377,0.2965445819210385,-0.0453317556921362,0.48127913317984505,0.8587046634247844,0.5654841418491976,0.5456800171115587,0.5151839459070234,-0.8593059551565174,-0.9766053957990909,0.6899585624817534,0.03770580424849546,-0.9340786218410977,0.6756688757102977,-0.6599659380054598,-0.897847761001987,0.46573106609180664,0.6340939201209458,0.9265108338195732,-0.9962297911124928,-0.8549220187058091,0.854329407198646,-0.25391300428787233,0.4798530575460474,0.5916816953141626,0.6835544728864378,0.3745922646705689,0.47426434005794865,-0.02445347377841809,-0.772536452047488,-0.7411140965831683,0.6853818970618012,0.9440976593997306,0.18079558882777175,0.18631201487315935,0.5490721149934937,0.29091969682089314,0.7671663745827553,0.8053043996810837,0.3517517117440758,0.413536705569595
Disabled population,0.0014190979335981229,-0.0012465587031252883,0.00043185863007675864,-0.01327580083227737,0.7608703951735281,0.27463328827225997,1.0,-0.2786389448557691,-0.3894766653128393,-0.3968831989613369,-0.5783821859308055,-0.6842930785570885,-0.4023411476156563,0.681007132704947,-0.6025543499410548,-0.1052620074358496,0.915249288784403,-0.2760431444650122,0.04308799267498693,-0.04990775560957948,0.6718101419556722,0.8865382517797297,-0.6143143650674467,-0.06289523640613033,-0.5158320005206318,-0.23869853250441017,-0.5289495083394286,-0.7625065753101965,-0.7326472024658789,-0.023910757682868364,-0.3585163188108127,-0.6459963180285136,-0.09889290791286581,-0.10106309419054071,-0.3889058438863103,-0.21676132678958612,0.23571004759117786,0.07853968223224939,-0.1707717054852035,-0.38059307270409853,-0.42148285029068044,-0.38431076233140943,-0.4147209437862741,-0.5581280590506783,0.3789361687709545,0.984921543029066,-0.3874663714199058,-0.6392267640133756,0.44513777071252003,-0.4064875375824444,-0.0008631280753940077,0.7588685268441009,0.6976956362741112,0.7463511889742953,-0.19424355676018554,-0.36875212451523565,0.8383215329441668,0.8562835471148866,-0.28340946112329707,0.7884125845762612,0.04658316462042534,-0.5415102050847908,-0.16721381241779745,0.16851117871265883,0.3961570937677517,-0.2926727863948108,-0.39285420529599946,0.061088077404129436,-0.5928571762329693,-0.23472284931874401,0.7550877066368054,0.3778739001173146,0.9147373487387691,0.9343369250631436,-0.09236923413535222,-0.2541475757567258,-0.7179336990328805,0.0770726133032156,0.38782342085125043,-0.48525520917079074,-0.5336282646964076,0.9319857385182587,0.838204383942214,0.41350169240791446,0.15907653540246658,0.08828569360669312,0.13815818544457428
FHAVA-backed home purchase loans (% of home purchase loans),0.6972134892795389,0.0015313718259944004,0.000273745832930933,0.005555332992517901,-0.1445632687297251,-0.9907367195999877,-0.2786389448557691,1.0,0.5763221063655333,0.8235276428979589,0.6230936022293418,0.8079557023177504,0.7092647605286259,-0.24252770390769218,0.7877915338092808,0.6769919314998094,-0.27099228614285237,-0.6383212132332764,-0.6764809386660507,-0.3177250285582854,-0.8089742261721714,-0.28866705405686816,0.20333116000099424,0.7815728146535355,0.016814036198182,-0.4219465228646152,-0.06085687663305888,0.3945396742187433,0.209919419109818,-0.7191116842310298,-0.515348777135774,-0.19726305936976946,-0.48276559438775507,-0.4538128422285515,-0.6154965183783979,-0.6565604675226289,0.04309353661527641,0.48017824396952147,-0.6941369864580414,0.8180721551163536,0.9389596605630823,0.963306305907393,0.9200682651658014,0.5580145925034553,0.036750620580998254,-0.23718796179967852,-0.34781781342849544,-0.342394561120484,0.07106890780535866,-0.46855798867041876,-0.8253090636817296,-0.5166608524238123,-0.48362888274737786,-0.47472999832700263,0.8314811694877212,0.9579315143977586,-0.6873846966625913,-0.0344754318940526,0.9704720954731332,-0.6327049914260294,0.7362941179258693,0.9202172445133868,-0.42373460544656366,-0.5593522138954611,-0.9148773524278315,0.9981662723155535,0.8323477578299855,-0.853459497916487,0.21852409846585527,-0.5022411146693032,-0.5946481515530674,-0.6854902158597019,-0.3777874206554907,-0.4408809385117326,-0.06764017027138122,0.7247754420925013,0.6928066325398105,-0.6861138110864522,-0.9166490676442273,-0.16321599622085992,-0.15902991440886755,-0.5254505213978319,-0.220512888449365,-0.7598839233650683,-0.7612555381122272,-0.3785595447375562,-0.41771214977819
Foreign-born population,0.5165140930727259,0.0009471441440457571,-0.0002081740630870567,0.028702571342768973,-0.7656906305850415,-0.5955358979554962,-0.3894766653128393,0.5763221063655333,1.0,0.8730637745633456,0.9002803262116164,0.7478866431928607,0.9712795518547349,0.2531077748856653,0.42144384797441903,0.832518177462564,-0.4173089305468544,-0.6894364120143326,-0.9003219706317122,-0.25764763288444686,-0.5768365960672993,-0.07733430891082066,0.26806431010005183,0.8045117061296767,-0.36051746906591026,-0.7019529200688622,-0.3698273475534436,0.3555981849835035,0.006732772835150106,-0.8595986241444084,-0.6969335827763675,-0.35975891370101815,-0.754778196674055,-0.7139956674004697,-0.6219833057156254,-0.7700922283743921,0.6574666189402203,0.7921823613786257,-0.7709050521678747,0.9181746147617073,0.7968907885036695,0.7373670124669504,0.816279156721125,0.6123845924202337,0.6286416924201971,-0.45202565629872005,-0.6667451505607853,-0.25878550454901433,0.41261191814708903,-0.6391283503264622,-0.670229612769054,-0.3351912767005439,-0.3668814136739765,-0.21867977743612985,0.8832533130574018,0.7409238370865748,-0.507812836871958,0.07214136875051591,0.5050467229498615,-0.6485736951938975,0.4069256821647028,0.5053609071502854,-0.7074354853177,-0.5565953590058798,-0.8329671949882501,0.605930997679006,0.8948690769982182,-0.8210005521685616,-0.22212432103392143,-0.7345353126342068,-0.4763641431433916,-0.6404347968053803,-0.22200784326602024,-0.45294358707564025,0.643949608444788,0.9218415860781758,0.7276199753430609,-0.9123543096624731,-0.7963846670303513,-0.5995642851078903,-0.55957601508234,-0.47570081191104824,-0.3811098514242758,-0.9540145834478211,-0.7244908137570947,-0.027943829048197595,-0.07445247818329817
Higher-cost home purchase loans (% of home purchase loans),0.7273275131073115,0.0004311867520273292,-0.00012073776689514043,0.023426804930854632,-0.5538293651859462,-0.8678843019215925,-0.3968831989613369,0.8235276428979589,0.8730637745633456,1.0,0.8355954230725857,0.9078187657121655,0.9631952329053202,0.021420721705358733,0.7648480235038195,0.9314628473710402,-0.5022147678117536,-0.6288651071692614,-0.8956489979289151,-0.560158280586385,-0.8337644497574329,-0.28048882326311864,0.41118369454328735,0.8737329901123201,-0.05568024788530506,-0.4971872604324428,-0.10632423142287382,0.5834149909108065,0.2842803481825357,-0.8651756596106539,-0.650900896350338,-0.18795395613930505,-0.5520112767165654,-0.497899202967193,-0.6316465094562251,-0.7481261312943027,0.28791065904261093,0.5891535874620376,-0.7736779814044374,0.9778108427441827,0.9496466363672397,0.9276994988222161,0.9723442489776878,0.49027062366256313,0.39668355095854835,-0.44246141256467425,-0.4750204115006179,-0.16776116697202184,0.1410418619509871,-0.5812917095882002,-0.8627555345112221,-0.6098442983595622,-0.6347609824495261,-0.5120029588196812,0.9629272611915423,0.9500679903691118,-0.6714623358754223,-0.03396994785760398,0.7186349925061002,-0.8138203327910568,0.4205345861653574,0.7410188851326255,-0.6423411266016282,-0.7295441481017206,-0.9620617141705512,0.8538234001073135,0.9738370150583172,-0.8773663913141143,0.131515106958313,-0.5664525835039821,-0.617280841056897,-0.7317160939061457,-0.3743829601872513,-0.595578671993478,0.48051046963615346,0.9645163834710258,0.8904364273305838,-0.8223213993560033,-0.9774573725889569,-0.3939548619177639,-0.3887186205291446,-0.628001124637715,-0.5114585197881729,-0.9196168625622964,-0.8919681685189016,-0.1757666128430225,-0.27577186690851413
Higher-cost refinance loans (% of refinance loans),0.4400246012396281,0.0009935755259563059,-0.00021435426519019228,0.02304532122590953,-0.7684771552255569,-0.6366497594929398,-0.5783821859308055,0.6230936022293418,0.9002803262116164,0.8355954230725857,1.0,0.7635959405370463,0.8879277243482306,0.04310477022504376,0.5104837651912368,0.6674932627469451,-0.6391624784920737,-0.5423123452634406,-0.7222440554308215,-0.11824826272732464,-0.6239046717119665,-0.37114300414655615,0.15162439875471753,0.5912831277010969,-0.2517196194301495,-0.595735570463163,-0.27657046554662446,0.39977956282912946,0.1324056207399432,-0.6707826992331051,-0.44521267030450334,-0.19240424764537728,-0.6916441308376139,-0.673326064760685,-0.3994239260444444,-0.5787839565384963,0.44674692594857707,0.5342785882894221,-0.550501411629569,0.8262793701246034,0.7769689097018416,0.7218849317003537,0.7910444783519159,0.8169014130905133,0.31539024633945156,-0.5856705287600641,-0.46634699043814837,-0.12400804317117299,0.35757843189436345,-0.33918625305347855,-0.4881490423587591,-0.4078067989265534,-0.39126889257763603,-0.3007742963572259,0.7721996012106983,0.7469739358344442,-0.7629960715230626,-0.2571878483913964,0.5221876475136107,-0.6855953149011943,0.47508694729728207,0.556191770672014,-0.6912103610235762,-0.7197059316421023,-0.7845135280547306,0.6496079080838921,0.7975781134260767,-0.6929953998676367,-0.06426733788787875,-0.5898375043846757,-0.44399987938300167,-0.4297582582562752,-0.35456047076308417,-0.6089703993004117,0.5524721968266108,0.8640623612973116,0.7535071986503237,-0.8067968530129875,-0.7684073442521572,-0.32424874881959515,-0.2939349545189034,-0.665428118147098,-0.538366801880234,-0.9481114636719207,-0.524733313849747,-0.0029204507708878386,-0.02329780520198866
"Home purchase loan rate (per 1,000 properties)",0.5874944543676855,0.0011018640455145153,-0.00018104115370619003,0.019869111850257325,-0.621453883968925,-0.831399886767066,-0.6842930785570885,0.8079557023177504,0.7478866431928607,0.9078187657121655,0.7635959405370463,1.0,0.8516534595286375,-0.37597681637992797,0.902412253566315,0.7393932665893227,-0.6857264670739857,-0.3478976023452828,-0.6704785585266613,-0.44320813094104167,-0.9721825528145488,-0.5769506923996253,0.6498311910265919,0.7365726370961057,0.28131744270763936,-0.19606957998338323,0.2427596389263941,0.796452150578821,0.5771958547286377,-0.6413985649514657,-0.3351891269731963,0.1734763032019218,-0.28944152607473383,-0.24310432896057235,-0.33812766783656256,-0.46649116361049675,0.015170030498393333,0.41065439281929916,-0.5325989440564081,0.89745788193677,0.9288936532043457,0.914017208271477,0.9332611190373133,0.5228898026502087,0.06933966035016309,-0.7070235795825215,-0.13710328135791414,0.13417252541876826,-0.20157423485535103,-0.28815783938151013,-0.7266495515663774,-0.8369258155027419,-0.8278833076540669,-0.7777739003429603,0.8102805047138949,0.9080954797694655,-0.8329991186792988,-0.34529216995957246,0.7639257032596998,-0.9592283037037723,0.3220690866712741,0.886319132473882,-0.2882060188655794,-0.5143113006140939,-0.9219984679098377,0.8294335690767954,0.9138266325787495,-0.7114529215093409,0.4445862101300363,-0.2775653417531819,-0.8757689494024498,-0.8225585773131393,-0.721538723251114,-0.8285227659908164,0.2364064425022637,0.7782630637049752,0.9752066014196213,-0.6023908250522153,-0.9280463356049627,-0.03405857766897737,-0.009288429697930771,-0.8498234497195488,-0.6785090544012399,-0.8080262079424143,-0.8089135272809318,-0.2742463205348138,-0.38036630113980613
Home purchase loans in LMI tracts (% of home purchase loans),0.6374750513868411,0.0007089782854593414,-0.00017853066090946232,0.02740369303393306,-0.6892811108953217,-0.7423707083256701,-0.4023411476156563,0.7092647605286259,0.9712795518547349,0.9631952329053202,0.8879277243482306,0.8516534595286375,1.0,0.15033629544277902,0.603011412152059,0.9139404155933915,-0.4670357115959317,-0.6785427342217021,-0.9308035348398528,-0.4260529257261028,-0.7226496390561052,-0.17155820529626076,0.3645739469129065,0.8716881603670367,-0.21590674341067256,-0.6175986311128864,-0.24442417682042217,0.4861548984924156,0.1480071763976262,-0.8934577626115358,-0.7016112000165029,-0.28321702410318556,-0.6711874797255802,-0.6210082503631783,-0.6492133479352894,-0.7852697041489849,0.4995191936390603,0.7243276486600906,-0.8011743831403753,0.9790686536509166,0.8957544917359617,0.852548176242897,0.9179131128030164,0.5548160442246166,0.545795029317461,-0.46239283797289393,-0.5936450065241252,-0.21665021426167247,0.2826291209248921,-0.6394530555847946,-0.7927816548541703,-0.48558062896871323,-0.5177864201353506,-0.3747605247423018,0.9518998800865927,0.8640678287556803,-0.5922481534576057,0.03221369749479242,0.6212849219985912,-0.7540300499068274,0.4119554800365201,0.6347510734291952,-0.6890468022737143,-0.6456425916749168,-0.9228042216592262,0.7405550788900764,0.9653845571305093,-0.8749426010530467,-0.0532185713673069,-0.6719227761134204,-0.5693694320315166,-0.7195594623134625,-0.30590243117416116,-0.5365181546932274,0.5882498437993462,0.9708217562185754,0.8332871312339194,-0.8945436779675923,-0.9100695760413582,-0.5235536591734189,-0.49878027252161067,-0.5614157406312704,-0.45723248821665086,-0.9626239759922262,-0.8402053713787588,-0.10331467001219968,-0.18079405774655333
Home purchase loans to LMI borrowers (% of home purchase loans),0.11212354691631166,-0.0013866510664025794,3.791231114159243e-05,0.010674896271786178,0.06341689789010635,0.20709026536627978,0.681007132704947,-0.24252770390769218,0.2531077748856653,0.021420721705358733,0.04310477022504376,-0.37597681637992797,0.15033629544277902,1.0,-0.5664830265128402,0.2998576539348677,0.5152044421763141,-0.5375501272054442,-0.4124316794267132,-0.11220616697269337,0.5202080520016723,0.8201817061487234,-0.5196539652556821,0.20149284672370438,-0.8371021675332686,-0.656912542861685,-0.8263380811688955,-0.5896820186601012,-0.7712776964342418,-0.4015574877163064,-0.6584562179799696,-0.8175106467191049,-0.5549897079395658,-0.5411339857789412,-0.5639808108125972,-0.5373653541322592,0.7656819640168792,0.45772916643373013,-0.45094152057847087,0.04539970412930958,-0.15751758247474792,-0.1930657947628043,-0.11705739352294685,-0.17252410808453508,0.8563418740411057,0.6014591122517592,-0.7699215074720268,-0.6298079494419415,0.8021928731852113,-0.6422151448590122,-0.13006152476292668,0.6670282146745786,0.573837466334611,0.7494267088206104,0.18499262122110005,-0.15094632021619667,0.583112473488511,0.7833808250821926,-0.33584179596838165,0.4634159514694696,0.048808343429981214,-0.5466431935284793,-0.6749791360427924,-0.21635622057871473,0.09510622548510833,-0.2234111194518353,-0.0035429943539276895,-0.22185285794190898,-0.8579143837093607,-0.6186468929981436,0.6503143611686367,0.24750272338702917,0.8566449421808074,0.6411025560167076,0.6035584437793344,0.2662198437961384,-0.34693017896214406,-0.40887474120729045,0.10522830441371808,-0.8754541387295531,-0.8971425876211939,0.6485757745014754,0.46984704976516306,-0.12478742770389582,-0.052481924626079306,0.3086286582121293,0.3386102021160323
Homeownership rate,0.5765401050123634,0.00038457598986116657,-0.00011128461708264411,0.010252001126648503,-0.3223706310862654,-0.8275053116470995,-0.6025543499410548,0.7877915338092808,0.42144384797441903,0.7648480235038195,0.5104837651912368,0.902412253566315,0.603011412152059,-0.5664830265128402,1.0,0.590319758801177,-0.6629817415724767,-0.1153092664680986,-0.43469149329141554,-0.5768389307901988,-0.9748462819760757,-0.6977297838631206,0.6687775494849435,0.5529173085570979,0.5601774454237199,0.11549900877963573,0.4997451244934649,0.8571945691655428,0.7571002951005777,-0.4141575698429093,-0.11687127949178544,0.38334819649809854,0.033384132401328676,0.0776759356576993,-0.1638189719446754,-0.24256224732815326,-0.37809803339678205,0.061094326551268646,-0.31844539412937173,0.6932453945128781,0.8040655512065884,0.8239408170707007,0.8097871323861036,0.2891498205564605,-0.22597666026036542,-0.6027357808582414,0.15848967298355554,0.28326688281500456,-0.4693550431488909,-0.0708006668939067,-0.653069012955629,-0.9239704244816945,-0.9050149109503023,-0.901945627596167,0.6255823276147278,0.8345961212537301,-0.810875945792611,-0.4508033242410506,0.7296693942586086,-0.9013410359285094,0.19352928960491114,0.8733808505598684,-0.08712482751992148,-0.5086212861394976,-0.7745974522139986,0.805051411882328,0.7248371408297347,-0.5166242765743376,0.7192394214538836,0.02541496583384292,-0.8229019895528167,-0.6855064961307784,-0.7551689625770613,-0.8156816452312633,0.01741521040761802,0.5778516437549577,0.896814517394514,-0.3079396388108969,-0.8265287031746138,0.24650381245045191,0.2373665129979877,-0.8344661386185817,-0.6949511022855138,-0.5447006189071979,-0.7117269613851751,-0.3303676564525167,-0.4608110649145
Households with children under 18 years old,0.7526225292323843,-0.00031908555557142116,-0.00011312313882260653,0.025380059559194635,-0.42843437312582994,-0.7416251392892789,-0.1052620074358496,0.6769919314998094,0.832518177462564,0.9314628473710402,0.6674932627469451,0.7393932665893227,0.9139404155933915,0.2998576539348677,0.590319758801177,1.0,-0.2592640866462269,-0.6967779671453286,-0.9592476945348296,-0.7063915058219554,-0.6541397058878163,0.021242681029244436,0.3640089182656213,0.9190422409733728,-0.18889299259032732,-0.5532194081096752,-0.23256422510316305,0.4425758250397887,0.11328086889777277,-0.9299195540478566,-0.8191216755445735,-0.3605319692576549,-0.5549516141677079,-0.48720371007039176,-0.7708677436157354,-0.846290752000507,0.41723474570935765,0.6639075756124286,-0.8694714436157057,0.9178808314111764,0.8262070173836017,0.8047648340664251,0.8640384325215553,0.21817425254738246,0.6449272780025258,-0.19437044564485734,-0.618074620986326,-0.2913208759436369,0.2381183615007284,-0.7730232021665696,-0.9156970597315031,-0.43693221157722073,-0.5080519220416725,-0.330609102849936,0.9497537577511496,0.8333735425724537,-0.36331082383553437,0.27078824890700615,0.5594849107504415,-0.6438243439144328,0.29075555553375787,0.5322209723402246,-0.70622446272873,-0.6678666275245895,-0.861145912688486,0.7129746460624191,0.910517186434076,-0.8711020832112933,-0.044936349531724436,-0.6329914341346982,-0.4392789810991171,-0.6983988745049217,-0.10949875713009848,-0.3510155561661477,0.6015036743459898,0.9454636900239644,0.7412967446151291,-0.8191261010786017,-0.8826412648126656,-0.620014640014552,-0.6283688974016624,-0.3563091947587856,-0.333582404772786,-0.8112551837443431,-0.9350947935792673,-0.11447530006668005,-0.23210782971232446
"Housing choice vouchers (% of occupied, privately owned rental units)",-0.1219561588481625,8.576214334740644e-05,0.0005409764520464799,-0.017254058471491102,0.7500718980479363,0.31658319652275835,0.915249288784403,-0.27099228614285237,-0.4173089305468544,-0.5022147678117536,-0.6391624784920737,-0.6857264670739857,-0.4670357115959317,0.5152044421763141,-0.6629817415724767,-0.2592640866462269,1.0,-0.2662786725880452,0.13499471910532845,0.2245279308592428,0.6829205358682701,0.8961283689708462,-0.5830852066207973,-0.06937072009120406,-0.5016321171900757,-0.23094813766109779,-0.49694064035090196,-0.8241272559453026,-0.7755001213731766,0.034184025150856986,-0.2800407482920075,-0.6141729360263908,-0.10762217939699775,-0.12240467744543806,-0.3414591197154702,-0.15754330313800616,0.26789093514408985,0.18754220526244222,-0.1401270702596193,-0.41297233374333275,-0.4227385170110135,-0.3833662862326058,-0.4468619927455467,-0.4452543504278229,0.2804247638697842,0.9261152369946556,-0.35173787308101134,-0.6688760296505959,0.3996264981959443,-0.3698288527495197,0.06242156731504233,0.7964147214724911,0.7632650591913277,0.7559739214912596,-0.2624631267146977,-0.41593722312157205,0.8458929563788128,0.8409662409514034,-0.17987699499651663,0.8214964936523591,0.1687455847209875,-0.4385954904372092,0.04825683025803276,0.47032740754312263,0.40304363008417754,-0.30349284712837754,-0.41356036111902944,0.06957687450644774,-0.6114498352691503,-0.23860801438375254,0.6186045581885855,0.25188470966379034,0.8003457593144594,0.9510330955759491,-0.34862566793531896,-0.39574145023243956,-0.7828440978927934,0.10273409870165381,0.4443883867357895,-0.40648580719934424,-0.4187077836920508,0.9415549535603841,0.969093221202898,0.4434060862814894,0.21548599781130554,-0.016843536446221705,0.07432032783150234
Housing units,-0.5773821687527757,-0.0011475315633126513,-0.0003476321571910055,-0.010625972287573962,0.08738485321587439,0.6210888764253337,-0.2760431444650122,-0.6383212132332764,-0.6894364120143326,-0.6288651071692614,-0.5423123452634406,-0.3478976023452828,-0.6785427342217021,-0.5375501272054442,-0.1153092664680986,-0.6967779671453286,-0.2662786725880452,1.0,0.8490945658464206,0.12048951154723123,0.21177212449213897,-0.4605680747660793,0.2907854135391521,-0.8081388909704125,0.7225760921396084,0.936970946288852,0.7655477139783693,0.24311536575002055,0.5391950328071684,0.9001235827850212,0.9328111651506549,0.8585398135934019,0.9171216252642136,0.893886401957824,0.9596464193649269,0.9681535798618315,-0.7346952557922278,-0.87755701157301,0.9397858504578659,-0.6982094554488236,-0.6503206241575687,-0.6397357750596439,-0.6451951705001188,-0.4483956801176332,-0.6854554905468181,-0.26799484550847286,0.9379645692150254,0.863526594249407,-0.7482695076148711,0.9044516577609844,0.7352856058750717,-0.18724550728067274,-0.16094721572007625,-0.2744961757731499,-0.8024194670957904,-0.63731560783549,0.09024055373282233,-0.615153538656019,-0.6020821601759134,0.09802584445256761,-0.7782633301313279,-0.37413450928966113,0.7980737184388265,0.4506608059613722,0.6781176586591765,-0.638900364804432,-0.6739825577724189,0.8995676351809303,0.5896178131198166,0.9728824583113163,0.022089669673956105,0.4276321380079838,-0.34115003146780837,-0.19309856526710614,-0.2762677494704613,-0.7362511527460773,-0.22708704244469574,0.9212999922658128,0.6319860272107424,0.8303236882862818,0.8174108371233226,-0.1173919255775385,-0.317041015808402,0.7391136141436366,0.6153187804148553,0.11861077830628403,0.08628642999425883
Income diversity ratio,-0.7035948930836117,-0.0003552479553316035,1.1872212147873591e-05,-0.024384076317345807,0.44002796928422866,0.7122309137498404,0.04308799267498693,-0.6764809386660507,-0.9003219706317122,-0.8956489979289151,-0.7222440554308215,-0.6704785585266613,-0.9308035348398528,-0.4124316794267132,-0.43469149329141554,-0.9592476945348296,0.13499471910532845,0.8490945658464206,1.0,0.4928794927980034,0.5390264271097273,-0.16578159665635958,-0.1819526893393859,-0.9435429757726732,0.4182984961424581,0.7548520833467556,0.4545105447008006,-0.24182088255775971,0.11511491214803717,0.989647965065484,0.9102338798213808,0.5545562347798063,0.7570155871838941,0.7015808117933046,0.8691781506234331,0.9446038395236206,-0.625799506089098,-0.8314336420833266,0.9507456144137186,-0.9247282469855114,-0.821841905550464,-0.7918222370271266,-0.8466709282050154,-0.3697655961169594,-0.7392429896807389,0.11536869880100951,0.792780155905185,0.48784111032539057,-0.45878646074855833,0.8678957468978143,0.8842530416860653,0.24552444890895184,0.3053108010444834,0.1329888766474821,-0.9671094273483191,-0.8059536817708243,0.3094275523982593,-0.3831548372146922,-0.5870576270272613,0.5206383528001164,-0.46956456562289944,-0.5011310310478877,0.7906160204438658,0.6096146006606465,0.8611562783478116,-0.7038366216425496,-0.9079851064029972,0.9394163254062369,0.2747890634883204,0.8191016226040889,0.3510325323765102,0.6695839751592304,-0.010959773992075653,0.21827105855009366,-0.5775109937266079,-0.9514620197740161,-0.6318670823046546,0.9405749506259142,0.8485935284873908,0.7562785853952702,0.7468099460389177,0.24457773585962397,0.1590718670655693,0.8802872533411209,0.874421265753879,0.09942620214135632,0.16704793065483317
"Index of housing price appreciation, 5+ family building",-0.5828425755667653,0.002283025115862107,0.00023606986395577126,-0.016013657490878772,0.058456265295648235,0.434009514449528,-0.04990775560957948,-0.3177250285582854,-0.25764763288444686,-0.560158280586385,-0.11824826272732464,-0.44320813094104167,-0.4260529257261028,-0.11220616697269337,-0.5768389307901988,-0.7063915058219554,0.2245279308592428,0.12048951154723123,0.4928794927980034,1.0,0.5028922008503195,0.09141722863423152,-0.5394749371810393,-0.4987221212524691,-0.31215028348611307,-0.0964341343026743,-0.2672510958745115,-0.5787435241125231,-0.4430006932537126,0.4410959930065126,0.38806565395735443,-0.08738474297941033,-0.1371275076851039,-0.21176972114645837,0.33802294974227404,0.3409064709544299,0.17451142511968487,-0.029995198912486094,0.38734376972603823,-0.4533352424433743,-0.39886833901566265,-0.41349882018370954,-0.4592050134431391,0.4170942524918035,-0.3023749968409184,0.06063605519805203,0.06068005957039753,-0.1513635605358835,0.2842790107104615,0.36635003634619284,0.6465778727207899,0.5436177712190879,0.638918628273336,0.493978091390066,-0.4942451711086777,-0.4708452052210126,0.11030928398857952,-0.13340365418534822,-0.1733221604261872,0.49850892520386403,0.2896439538630941,-0.2388302553055531,0.2717544257455074,0.498789594167791,0.42058256673057104,-0.35974662868181967,-0.46844427802218713,0.3482178668201448,-0.37394805611151516,-0.008077032561685663,0.29258256734595134,0.4149118158073476,0.11731838567183803,0.29645290025648846,-0.4429053528934688,-0.507206471620246,-0.5429001158321148,0.18573918043662618,0.51991256701486,0.1975413151624227,0.2587290351418373,0.2408985310160798,0.42486660042203733,0.21740345932693841,0.6979972766326095,0.07146437263687884,0.26077471338071717
